train/1.jpg +0 153 172 121 109 
train/2.jpg +60 96 160 89 102 
train/3.jpg -45 216 146 99 105 
train/4.jpg -75 258 170 78 104 
train/5.jpg -60 239 107 92 92 
train/6.jpg +90 47 190 59 101 
train/7.jpg +45 105 145 92 106 
train/8.jpg -75 218 99 101 95 
train/9.jpg -60 273 144 81 121 
train/10.jpg +30 173 146 109 110 
train/11.jpg +15 131 125 109 109 
train/12.jpg +45 92 146 100 118 
train/13.jpg +60 77 169 60 107 
train/14.jpg +15 106 144 109 97 
train/15.jpg +15 189 112 110 96 
train/16.jpg -60 184 109 103 99 
train/17.jpg +90 119 126 78 106 
train/18.jpg +45 110 164 78 97 
train/19.jpg +30 128 152 109 109 
train/20.jpg -90 270 132 70 102 
train/21.jpg +30 145 136 94 100 
train/22.jpg -30 190 127 104 102 
train/23.jpg +75 88 155 79 106 
train/24.jpg +90 65 149 75 106 
train/25.jpg -90 286 138 86 145 
train/26.jpg -60 236 126 92 101 
train/27.jpg +60 125 183 91 108 
train/28.jpg +60 104 136 94 99 
train/29.jpg -30 196 139 100 105 
train/30.jpg -45 228 100 84 103 
train/31.jpg -30 206 154 100 111 
train/32.jpg -60 225 112 91 99 
train/33.jpg +90 150 114 98 90 
train/34.jpg -90 254 103 74 108 
train/35.jpg -60 224 126 102 98 
train/36.jpg +30 160 152 118 113 
train/37.jpg +45 110 195 104 119 
train/38.jpg -30 218 172 111 111 
train/39.jpg +90 47 203 73 98 
train/40.jpg -60 254 146 76 101 
train/41.jpg +90 106 62 85 83 
train/42.jpg -60 207 142 97 110 
train/43.jpg +15 148 153 106 106 
train/44.jpg +45 126 135 101 110 
train/45.jpg -15 175 161 108 105 
train/46.jpg -30 199 188 113 106 
train/47.jpg -90 335 192 77 145 
train/48.jpg -30 203 124 100 104 
train/49.jpg -30 208 145 113 104 
train/50.jpg +15 139 128 106 109 
train/51.jpg +45 94 118 93 94 
train/52.jpg -45 231 108 106 100 
train/53.jpg +60 59 173 82 109 
train/54.jpg -90 254 149 73 108 
train/55.jpg -30 242 156 116 121 
train/56.jpg +30 143 150 118 117 
train/57.jpg +0 187 146 112 100 
train/58.jpg +30 184 133 99 108 
train/59.jpg -15 175 171 109 111 
train/60.jpg +30 83 184 107 111 
train/61.jpg +90 67 151 89 114 
train/62.jpg +90 131 137 84 102 
train/63.jpg +90 49 207 67 109 
train/64.jpg +75 72 130 87 107 
train/65.jpg -30 211 160 109 101 
train/66.jpg +90 75 153 75 103 
train/67.jpg +15 173 174 133 131 
train/68.jpg -30 202 82 100 99 
train/69.jpg -75 203 116 106 114 
train/70.jpg -45 217 157 105 102 
train/71.jpg -60 256 116 81 105 
train/72.jpg +30 84 152 93 97 
train/73.jpg +30 160 112 104 100 
train/74.jpg -90 263 66 72 96 
train/75.jpg +15 177 148 107 106 
train/76.jpg +45 98 188 126 142 
train/77.jpg -30 218 158 106 118 
train/78.jpg +0 196 147 129 128 
train/79.jpg -15 198 162 118 116 
train/80.jpg +60 77 143 87 108 
train/81.jpg +45 128 166 112 117 
train/82.jpg -30 188 136 107 122 
train/83.jpg -90 252 129 90 103 
train/84.jpg -75 238 132 79 103 
train/85.jpg -15 217 137 104 112 
train/86.jpg +90 90 150 65 108 
train/87.jpg -60 216 133 92 111 
train/88.jpg +75 68 124 77 95 
train/89.jpg -75 283 176 75 100 
train/90.jpg +90 70 188 83 105 
train/91.jpg -75 261 154 74 103 
train/92.jpg +60 111 135 117 132 
train/93.jpg +45 158 136 96 112 
train/94.jpg -75 236 126 93 102 
train/95.jpg -90 244 124 88 113 
train/96.jpg +45 147 182 110 109 
train/97.jpg -45 224 161 96 114 
train/98.jpg -75 241 165 78 103 
train/99.jpg +30 130 129 99 99 
train/100.jpg +90 103 135 70 108 
train/101.jpg -90 238 111 82 100 
train/102.jpg -15 187 118 107 98 
train/103.jpg +90 124 143 87 115 
train/104.jpg +0 190 143 102 96 
train/105.jpg -15 181 114 106 107 
train/106.jpg -45 232 140 90 98 
train/107.jpg +75 71 191 69 104 
train/108.jpg +30 110 155 97 105 
train/109.jpg -90 237 130 74 105 
train/110.jpg +15 152 184 141 143 
train/111.jpg +60 80 150 83 114 
train/112.jpg +60 148 114 95 103 
train/113.jpg -60 195 70 102 95 
train/114.jpg +90 97 144 78 110 
train/115.jpg -15 187 151 154 142 
train/116.jpg -60 285 142 91 114 
train/117.jpg -75 240 114 81 96 
train/118.jpg +90 53 156 68 97 
train/119.jpg -45 238 171 92 107 
train/120.jpg -75 205 148 91 115 
train/121.jpg +90 80 108 79 100 
train/122.jpg +15 144 143 108 103 
train/123.jpg -75 262 102 70 100 
train/124.jpg +45 121 147 101 112 
train/125.jpg +75 76 174 76 106 
train/126.jpg -75 204 145 84 127 
train/127.jpg -45 216 125 95 100 
train/128.jpg -15 167 124 101 102 
train/129.jpg -60 229 163 85 119 
train/130.jpg -45 194 124 91 99 
train/131.jpg +30 160 128 104 106 
train/132.jpg +45 78 185 105 119 
train/133.jpg +45 146 141 97 104 
train/134.jpg +0 164 158 107 100 
train/135.jpg +30 153 139 101 100 
train/136.jpg +90 116 154 87 112 
train/137.jpg +75 103 170 96 115 
train/138.jpg +30 173 129 99 98 
train/139.jpg +60 76 187 108 139 
train/140.jpg +90 67 122 75 93 
train/141.jpg +90 130 100 85 110 
train/142.jpg +0 180 166 107 102 
train/143.jpg -75 218 92 97 100 
train/144.jpg +60 72 192 70 97 
train/145.jpg +90 107 144 91 110 
train/146.jpg +30 184 118 107 109 
train/147.jpg +90 73 196 67 103 
train/148.jpg -45 199 115 104 98 
train/149.jpg -30 211 127 102 104 
train/150.jpg +75 115 177 95 108 
train/151.jpg -30 200 130 107 94 
train/152.jpg +0 167 169 122 103 
train/153.jpg +75 110 54 95 89 
train/154.jpg +90 115 107 94 113 
train/155.jpg +30 111 170 110 105 
train/156.jpg -45 217 120 100 97 
train/157.jpg +90 54 183 89 136 
train/158.jpg -90 246 145 80 106 
train/159.jpg +45 103 175 91 108 
train/160.jpg -30 243 176 109 109 
train/161.jpg -90 224 129 95 104 
train/162.jpg +0 201 154 111 121 
train/163.jpg -30 176 126 105 98 
train/164.jpg -30 192 114 102 98 
train/165.jpg -75 247 122 81 108 
train/166.jpg +60 95 171 83 104 
train/167.jpg +75 67 141 70 105 
train/168.jpg -15 128 88 113 90 
train/169.jpg -90 281 175 72 100 
train/170.jpg +75 62 120 72 89 
train/171.jpg -90 205 92 80 98 
train/172.jpg +75 113 162 75 107 
train/173.jpg -45 223 130 96 101 
train/174.jpg +0 173 174 103 114 
train/175.jpg -75 274 134 76 95 
train/176.jpg +60 86 159 90 122 
train/177.jpg +0 181 131 107 102 
train/178.jpg +30 169 149 101 99 
train/179.jpg +75 57 198 71 110 
train/180.jpg -60 259 157 86 103 
train/181.jpg +0 134 134 111 93 
train/182.jpg +90 120 137 77 103 
train/183.jpg +60 142 133 94 110 
train/184.jpg -90 203 130 94 122 
train/185.jpg -60 211 176 86 125 
train/186.jpg +0 186 168 124 116 
train/187.jpg +60 87 146 80 104 
train/188.jpg +0 169 129 108 106 
train/189.jpg +0 139 116 104 99 
train/190.jpg +75 82 153 78 109 
train/191.jpg +75 41 178 70 118 
train/192.jpg -15 207 110 113 109 
train/193.jpg +90 52 191 80 148 
train/194.jpg +15 132 125 124 126 
train/195.jpg +30 153 120 98 99 
train/196.jpg -60 240 190 90 107 
train/197.jpg -45 254 154 89 89 
train/198.jpg -45 185 130 98 97 
train/199.jpg +90 132 100 82 99 
train/200.jpg -60 214 119 94 104 
train/201.jpg +30 160 107 101 102 
train/202.jpg +15 187 184 112 101 
train/203.jpg -30 166 126 105 97 
train/204.jpg -60 217 113 106 94 
train/205.jpg +90 124 150 84 110 
train/206.jpg +0 158 159 129 123 
train/207.jpg +15 151 174 107 98 
train/208.jpg +90 68 165 82 118 
train/209.jpg -45 224 136 121 147 
train/210.jpg -90 289 147 73 117 
train/211.jpg -75 248 72 83 95 
train/212.jpg -45 224 192 91 126 
train/213.jpg +60 118 119 83 106 
train/214.jpg +15 139 164 104 107 
train/215.jpg -45 216 85 98 99 
train/216.jpg +90 60 156 90 97 
train/217.jpg +30 124 138 98 102 
train/218.jpg +30 149 136 99 99 
train/219.jpg -90 212 145 86 122 
train/220.jpg -90 304 151 71 97 
train/221.jpg +0 126 108 109 91 
train/222.jpg +0 178 175 119 110 
train/223.jpg -75 264 135 71 102 
train/224.jpg -60 249 152 93 103 
train/225.jpg -90 241 113 85 125 
train/226.jpg +15 137 162 106 106 
train/227.jpg -30 217 171 115 100 
train/228.jpg -15 190 132 111 103 
train/229.jpg -90 292 174 66 100 
train/230.jpg -60 245 141 88 96 
train/231.jpg +30 147 158 104 109 
train/232.jpg +45 148 131 96 107 
train/233.jpg +15 120 108 101 101 
train/234.jpg +60 151 115 98 97 
train/235.jpg -15 183 139 106 101 
train/236.jpg -75 238 121 94 124 
train/237.jpg -15 208 177 109 106 
train/238.jpg -90 226 161 70 117 
train/239.jpg +30 103 197 114 104 
train/240.jpg +75 78 134 85 107 
train/241.jpg -15 190 112 104 93 
train/242.jpg +30 114 197 109 99 
train/243.jpg +75 102 138 92 103 
train/244.jpg +30 153 155 101 104 
train/245.jpg +30 143 189 104 93 
train/246.jpg -30 219 166 108 117 
train/247.jpg +45 141 133 93 108 
train/248.jpg +90 75 168 73 120 
train/249.jpg -75 259 124 85 114 
train/250.jpg +15 136 131 101 96 
train/251.jpg -60 250 167 92 102 
train/252.jpg +75 151 118 100 95 
train/253.jpg -75 270 159 83 114 
train/254.jpg +75 104 180 96 114 
train/255.jpg -30 156 130 107 99 
train/256.jpg -15 186 173 107 98 
train/257.jpg -90 237 140 87 111 
train/258.jpg +30 156 42 100 77 
train/259.jpg -75 222 124 83 103 
train/260.jpg -60 260 175 93 109 
train/261.jpg +0 198 111 111 95 
train/262.jpg -15 154 126 116 92 
train/263.jpg +90 99 116 104 142 
train/264.jpg +60 73 150 94 105 
train/265.jpg -15 134 132 109 96 
train/266.jpg +45 159 149 99 104 
train/267.jpg -30 214 133 102 99 
train/268.jpg -75 261 169 80 106 
train/269.jpg +0 193 117 111 117 
train/270.jpg -30 143 108 112 89 
train/271.jpg +0 172 172 108 98 
train/272.jpg -90 267 183 71 96 
train/273.jpg -90 306 152 101 144 
train/274.jpg +15 170 149 121 114 
train/275.jpg +30 138 160 102 112 
train/276.jpg -90 289 126 81 112 
train/277.jpg +90 100 171 80 94 
train/278.jpg -60 204 130 92 100 
train/279.jpg +75 110 144 76 114 
train/280.jpg +60 129 161 92 108 
train/281.jpg +60 135 138 92 101 
train/282.jpg -60 259 137 76 117 
train/283.jpg +30 132 165 106 106 
train/284.jpg -60 249 139 103 111 
train/285.jpg -90 256 136 84 107 
train/286.jpg -45 239 172 94 115 
train/287.jpg +90 106 131 87 104 
train/288.jpg +60 89 90 78 90 
train/289.jpg -90 279 171 69 105 
train/290.jpg -75 211 101 87 110 
train/291.jpg +0 165 171 108 102 
train/292.jpg -75 238 145 89 114 
train/293.jpg +75 103 145 96 124 
train/294.jpg -15 188 150 117 109 
train/295.jpg -30 165 112 104 99 
train/296.jpg -75 299 168 92 127 
train/297.jpg -30 173 126 102 91 
train/298.jpg +30 126 181 97 102 
train/299.jpg +75 107 70 88 89 
train/300.jpg -45 230 171 95 112 
train/301.jpg +90 99 178 76 107 
train/302.jpg +90 108 117 79 111 
train/303.jpg +0 147 167 114 105 
train/304.jpg -30 165 116 115 108 
train/305.jpg +0 184 140 119 111 
train/306.jpg -75 260 133 74 117 
train/307.jpg -30 208 170 107 104 
train/308.jpg +15 160 132 108 104 
train/309.jpg -90 261 163 73 106 
train/310.jpg -30 248 133 106 116 
train/311.jpg +75 147 113 102 95 
train/312.jpg -45 248 157 86 96 
train/313.jpg +0 182 129 113 109 
train/314.jpg -60 238 172 89 115 
train/315.jpg -60 211 107 104 113 
train/316.jpg -45 238 174 122 139 
train/317.jpg +60 104 140 98 118 
train/318.jpg -75 257 128 74 100 
train/319.jpg -60 249 174 82 122 
train/320.jpg +15 192 179 122 111 
train/321.jpg -75 236 113 82 105 
train/322.jpg +75 78 166 85 85 
train/323.jpg +90 75 162 74 124 
train/324.jpg +15 146 100 113 100 
train/325.jpg +75 78 190 75 106 
train/326.jpg -45 176 115 111 109 
train/327.jpg -60 231 146 92 104 
train/328.jpg -30 206 143 110 112 
train/329.jpg -15 203 143 99 101 
train/330.jpg -60 209 125 101 110 
train/331.jpg -30 209 118 107 113 
train/332.jpg +45 134 98 105 102 
train/333.jpg +90 63 204 88 112 
train/334.jpg +15 183 143 108 107 
train/335.jpg -90 249 121 90 126 
train/336.jpg -30 183 136 106 113 
train/337.jpg -30 202 98 98 103 
train/338.jpg +0 183 154 104 93 
train/339.jpg -75 223 126 96 101 
train/340.jpg +30 136 122 103 105 
train/341.jpg +45 107 186 89 108 
train/342.jpg +90 66 118 87 116 
train/343.jpg -60 239 128 113 145 
train/344.jpg -15 200 181 112 108 
train/345.jpg +0 150 136 111 106 
train/346.jpg -60 282 182 94 144 
train/347.jpg -15 166 130 103 99 
train/348.jpg -90 272 144 74 100 
train/349.jpg -30 231 158 105 108 
train/350.jpg -45 262 129 100 110 
train/351.jpg +75 99 120 90 99 
train/352.jpg -30 234 155 105 116 
train/353.jpg -30 205 162 107 110 
train/354.jpg -60 282 155 89 129 
train/355.jpg -75 279 151 108 145 
train/356.jpg -45 221 138 100 108 
train/357.jpg -30 198 160 108 102 
train/358.jpg -75 233 122 101 108 
train/359.jpg -15 182 167 108 96 
train/360.jpg -15 204 150 103 93 
train/361.jpg +75 65 174 71 116 
train/362.jpg +30 146 118 95 92 
train/363.jpg -75 237 129 82 102 
train/364.jpg +60 102 171 90 106 
train/365.jpg +45 86 204 97 94 
train/366.jpg -45 204 121 103 106 
train/367.jpg +75 112 112 115 155 
train/368.jpg -90 236 177 76 136 
train/369.jpg -75 279 196 84 119 
train/370.jpg +90 105 164 69 113 
train/371.jpg +30 104 176 91 106 
train/372.jpg -75 246 125 87 107 
train/373.jpg +75 80 119 76 96 
train/374.jpg -45 245 149 104 108 
train/375.jpg +90 103 153 88 106 
train/376.jpg +45 156 126 92 105 
train/377.jpg +90 59 98 77 100 
train/378.jpg +45 151 128 110 110 
train/379.jpg -60 256 126 99 113 
train/380.jpg -75 232 114 87 100 
train/381.jpg +60 134 161 95 108 
train/382.jpg +30 144 143 91 104 
train/383.jpg -60 250 94 102 110 
train/384.jpg -30 180 141 104 121 
train/385.jpg -75 240 144 71 99 
train/386.jpg +60 62 179 62 109 
train/387.jpg -60 245 168 83 105 
train/388.jpg +60 156 120 96 97 
train/389.jpg +75 92 180 81 107 
train/390.jpg -45 231 172 98 108 
train/391.jpg +0 220 143 120 109 
train/392.jpg +60 108 147 98 123 
train/393.jpg +45 123 142 82 104 
train/394.jpg +90 48 179 58 115 
train/395.jpg -90 271 147 83 116 
train/396.jpg -60 260 156 82 111 
train/397.jpg +15 177 155 102 100 
train/398.jpg +0 185 163 118 118 
train/399.jpg -30 227 91 110 107 
train/400.jpg +75 79 138 70 103 
train/401.jpg +0 145 132 112 98 
train/402.jpg +60 119 116 96 123 
train/403.jpg -75 259 153 84 104 
train/404.jpg -15 183 135 157 145 
train/405.jpg -30 227 157 104 96 
train/406.jpg +0 199 158 112 102 
train/407.jpg +30 133 101 94 96 
train/408.jpg -30 225 140 107 107 
train/409.jpg +90 61 190 76 103 
train/410.jpg +75 61 164 65 112 
train/411.jpg +15 146 163 114 100 
train/412.jpg -15 203 187 104 98 
train/413.jpg -15 185 174 107 107 
train/414.jpg -30 204 164 108 104 
train/415.jpg +90 76 91 94 92 
train/416.jpg +75 124 154 84 114 
train/417.jpg +30 104 179 109 114 
train/418.jpg +60 133 171 95 107 
train/419.jpg +75 61 176 71 116 
train/420.jpg -90 279 179 75 102 
train/421.jpg -30 223 107 110 102 
train/422.jpg -15 183 190 116 106 
train/423.jpg +45 140 122 95 101 
train/424.jpg -45 258 190 100 109 
train/425.jpg -60 218 114 91 95 
train/426.jpg -60 276 156 81 93 
train/427.jpg +90 61 135 66 98 
train/428.jpg -15 178 126 106 107 
train/429.jpg +75 67 144 87 118 
train/430.jpg +0 189 138 106 109 
train/431.jpg -90 289 152 83 103 
train/432.jpg -15 188 177 117 110 
train/433.jpg +45 103 136 94 109 
train/434.jpg +15 158 42 104 75 
train/435.jpg +75 72 96 75 92 
train/436.jpg +75 81 195 75 103 
train/437.jpg +15 176 131 110 97 
train/438.jpg -60 214 144 88 107 
train/439.jpg +75 73 167 78 118 
train/440.jpg +30 177 153 109 110 
train/441.jpg +45 75 181 93 110 
train/442.jpg -60 241 149 76 107 
train/443.jpg -90 261 167 70 107 
train/444.jpg +60 76 178 66 104 
train/445.jpg -30 207 117 96 101 
train/446.jpg +15 192 154 111 102 
train/447.jpg +30 155 137 92 107 
train/448.jpg +0 180 128 125 121 
train/449.jpg -45 191 147 96 123 
train/450.jpg +15 153 72 102 93 
train/451.jpg +75 58 148 84 111 
train/452.jpg -45 249 156 90 105 
train/453.jpg -90 233 125 82 103 
train/454.jpg -15 211 149 113 104 
train/455.jpg +0 182 114 102 93 
train/456.jpg -30 200 147 103 106 
train/457.jpg -30 194 152 105 112 
train/458.jpg +75 85 110 85 100 
train/459.jpg -90 260 122 72 102 
train/460.jpg -15 233 177 113 114 
train/461.jpg +45 112 167 101 107 
train/462.jpg -75 210 118 103 111 
train/463.jpg +90 87 150 88 115 
train/464.jpg -90 292 157 60 114 
train/465.jpg -90 248 150 82 108 
train/466.jpg -75 239 111 79 103 
train/467.jpg -45 241 170 106 106 
train/468.jpg +60 85 124 100 111 
train/469.jpg -90 258 149 77 109 
train/470.jpg -60 249 172 98 102 
train/471.jpg +75 134 119 94 106 
train/472.jpg -75 174 84 92 95 
train/473.jpg +75 96 140 64 103 
train/474.jpg +15 134 194 126 111 
train/475.jpg -15 189 112 109 107 
train/476.jpg +75 105 123 66 104 
train/477.jpg +45 150 126 87 96 
train/478.jpg -90 243 115 86 96 
train/479.jpg +75 81 166 71 105 
train/480.jpg -90 261 122 89 117 
train/481.jpg -45 245 131 105 113 
train/482.jpg +45 109 155 100 125 
train/483.jpg +15 153 130 116 108 
train/484.jpg -45 222 116 97 120 
train/485.jpg +45 89 147 102 107 
train/486.jpg +15 145 115 121 117 
train/487.jpg +30 117 184 97 99 
train/488.jpg -75 228 111 97 95 
train/489.jpg -90 256 59 77 98 
train/490.jpg +0 156 147 111 112 
train/491.jpg +60 141 148 88 106 
train/492.jpg +75 101 157 81 109 
train/493.jpg +75 97 148 88 106 
train/494.jpg -75 192 108 92 97 
train/495.jpg -60 212 167 101 112 
train/496.jpg -30 227 112 96 107 
train/497.jpg +60 89 140 92 102 
train/498.jpg +75 107 109 99 122 
train/499.jpg -30 200 128 116 113 
train/500.jpg +90 119 161 78 113 
train/501.jpg -15 175 108 108 112 
train/502.jpg +0 145 116 110 115 
train/503.jpg -60 199 145 86 128 
train/504.jpg +30 150 132 113 118 
train/505.jpg +60 124 160 79 105 
train/506.jpg +90 64 126 73 86 
train/507.jpg +45 162 160 103 120 
train/508.jpg +0 153 174 118 112 
train/509.jpg +30 144 161 100 92 
train/510.jpg -75 275 161 79 107 
train/511.jpg -60 263 181 85 104 
train/512.jpg -45 193 108 102 113 
train/513.jpg +45 122 108 95 95 
train/514.jpg +90 88 122 85 95 
train/515.jpg -90 269 174 76 125 
train/516.jpg -60 245 132 80 103 
train/517.jpg +30 142 134 108 115 
train/518.jpg +75 116 88 93 97 
train/519.jpg +30 123 132 88 108 
train/520.jpg +15 158 192 121 124 
train/521.jpg +90 91 134 96 113 
train/522.jpg -15 198 138 119 101 
train/523.jpg -60 231 125 79 107 
train/524.jpg -90 270 129 79 119 
train/525.jpg +90 129 116 82 109 
train/526.jpg +75 55 186 85 107 
train/527.jpg -75 241 160 76 105 
train/528.jpg +45 105 182 90 100 
train/529.jpg -60 223 142 78 98 
train/530.jpg +75 74 158 84 120 
train/531.jpg -30 204 167 110 104 
train/532.jpg +75 69 155 74 120 
train/533.jpg -75 238 142 82 104 
train/534.jpg +45 137 162 112 120 
train/535.jpg +90 96 130 110 150 
train/536.jpg -75 298 156 72 106 
train/537.jpg +15 167 108 101 99 
train/538.jpg +15 120 152 105 96 
train/539.jpg -90 269 126 67 101 
train/540.jpg -45 244 112 89 101 
train/541.jpg -75 250 165 88 126 
train/542.jpg +60 87 140 105 117 
train/543.jpg +15 146 132 108 102 
train/544.jpg -15 222 155 120 123 
train/545.jpg +45 145 172 98 100 
train/546.jpg -75 240 163 77 109 
train/547.jpg -15 213 156 107 109 
train/548.jpg +15 149 157 103 101 
train/549.jpg +30 124 182 114 108 
train/550.jpg +45 131 116 78 103 
train/551.jpg +75 91 169 74 105 
train/552.jpg +60 80 178 79 102 
train/553.jpg -90 218 147 83 125 
train/554.jpg +75 106 153 99 114 
train/555.jpg +60 112 136 95 107 
train/556.jpg -75 244 156 88 105 
train/557.jpg -75 244 143 86 101 
train/558.jpg +15 152 158 104 112 
train/559.jpg -45 226 166 92 112 
train/560.jpg -30 205 145 106 102 
train/561.jpg -15 194 139 105 101 
train/562.jpg +45 120 175 100 108 
train/563.jpg -30 252 143 105 113 
train/564.jpg -75 254 164 80 116 
train/565.jpg -90 214 124 90 111 
train/566.jpg -90 239 134 86 113 
train/567.jpg -45 218 163 94 110 
train/568.jpg +60 116 145 96 101 
train/569.jpg +30 102 144 101 97 
train/570.jpg +75 83 154 88 132 
train/571.jpg -60 214 127 90 102 
train/572.jpg +0 213 157 115 109 
train/573.jpg +75 84 154 101 143 
train/574.jpg -90 245 116 91 98 
train/575.jpg +75 69 144 75 97 
train/576.jpg -90 265 132 73 103 
train/577.jpg +60 145 151 90 104 
train/578.jpg -75 249 56 74 94 
train/579.jpg -45 212 145 94 106 
train/580.jpg +60 130 140 87 109 
train/581.jpg -45 236 153 96 109 
train/582.jpg -45 247 179 96 104 
train/583.jpg +60 124 149 107 116 
train/584.jpg +75 120 172 89 110 
train/585.jpg -60 227 151 92 104 
train/586.jpg -15 190 118 154 135 
train/587.jpg -45 207 131 95 98 
train/588.jpg -30 210 162 110 117 
train/589.jpg +90 72 140 59 101 
train/590.jpg -60 277 175 89 104 
train/591.jpg +75 136 150 84 112 
train/592.jpg -90 254 143 80 120 
train/593.jpg +45 138 42 101 76 
train/594.jpg +75 135 119 89 114 
train/595.jpg +15 163 156 109 105 
train/596.jpg -45 202 168 103 116 
train/597.jpg +15 185 153 117 105 
train/598.jpg +15 181 127 100 99 
train/599.jpg +0 199 150 110 108 
train/600.jpg -15 228 155 108 109 
train/601.jpg -90 290 200 71 121 
train/602.jpg +75 77 200 92 123 
train/603.jpg +15 138 124 110 95 
train/604.jpg -90 227 163 84 113 
train/605.jpg -75 214 131 80 100 
train/606.jpg +30 121 136 104 102 
train/607.jpg +60 93 143 98 126 
train/608.jpg +15 153 84 106 91 
train/609.jpg +15 134 132 109 95 
train/610.jpg +45 95 149 75 99 
train/611.jpg +90 51 188 76 111 
train/612.jpg +90 115 152 77 114 
train/613.jpg -30 208 170 106 109 
train/614.jpg +75 118 134 79 108 
train/615.jpg +60 70 183 102 119 
train/616.jpg +75 41 180 52 106 
train/617.jpg -15 204 162 110 117 
train/618.jpg +15 135 113 110 115 
train/619.jpg -60 215 128 99 100 
train/620.jpg +60 112 157 98 111 
train/621.jpg -15 168 160 121 126 
train/622.jpg +60 55 180 80 113 
train/623.jpg +15 148 108 107 93 
train/624.jpg +90 88 161 72 112 
train/625.jpg -30 208 155 106 106 
train/626.jpg +30 166 117 104 93 
train/627.jpg +30 167 156 98 103 
train/628.jpg -90 293 198 64 101 
train/629.jpg -30 197 150 110 112 
train/630.jpg -15 231 115 111 112 
train/631.jpg +45 93 109 92 100 
train/632.jpg +45 146 160 111 111 
train/633.jpg -45 213 134 95 96 
train/634.jpg -75 258 174 75 123 
train/635.jpg +75 124 161 86 107 
train/636.jpg -75 237 169 76 106 
train/637.jpg -30 195 149 104 104 
train/638.jpg +45 101 131 100 117 
train/639.jpg +15 131 154 100 108 
train/640.jpg -90 220 117 93 109 
train/641.jpg +75 123 143 92 113 
train/642.jpg +15 158 116 102 90 
train/643.jpg +30 130 143 105 107 
train/644.jpg +45 83 176 74 107 
train/645.jpg +75 99 66 78 88 
train/646.jpg -75 202 118 85 97 
train/647.jpg +60 149 136 105 112 
train/648.jpg -75 263 117 79 105 
train/649.jpg +60 79 140 82 104 
train/650.jpg -60 220 159 93 108 
train/651.jpg -60 269 189 84 112 
train/652.jpg -75 237 152 81 106 
train/653.jpg +15 157 142 135 143 
train/654.jpg -60 232 161 88 107 
train/655.jpg +30 159 148 106 105 
train/656.jpg -30 210 132 117 121 
train/657.jpg +60 107 144 70 100 
train/658.jpg +60 110 172 103 108 
train/659.jpg +90 82 161 71 113 
train/660.jpg -60 237 179 92 111 
train/661.jpg -30 218 178 110 109 
train/662.jpg +45 130 171 109 112 
train/663.jpg -75 245 195 81 123 
train/664.jpg +0 159 146 123 132 
train/665.jpg +45 111 120 87 106 
train/666.jpg -60 244 145 93 116 
train/667.jpg -45 210 47 94 86 
train/668.jpg -60 227 117 100 97 
train/669.jpg +45 91 160 92 108 
train/670.jpg -60 254 139 77 108 
train/671.jpg -75 278 158 73 97 
train/672.jpg +45 110 136 103 117 
train/673.jpg +75 104 152 88 101 
train/674.jpg -45 236 174 97 119 
train/675.jpg -15 179 132 114 112 
train/676.jpg +45 127 112 100 111 
train/677.jpg +90 46 152 77 112 
train/678.jpg -75 231 177 77 116 
train/679.jpg -30 244 165 96 107 
train/680.jpg +90 118 103 96 104 
train/681.jpg +45 139 140 101 112 
train/682.jpg +15 130 119 102 101 
train/683.jpg +90 123 118 93 121 
train/684.jpg +60 95 132 86 108 
train/685.jpg +45 162 115 104 94 
train/686.jpg -30 212 66 97 97 
train/687.jpg -75 234 46 88 85 
train/688.jpg -15 168 66 101 89 
train/689.jpg +45 95 144 102 110 
train/690.jpg +15 139 158 111 109 
train/691.jpg +75 145 100 99 112 
train/692.jpg +45 122 148 113 113 
train/693.jpg +15 193 157 108 104 
train/694.jpg -30 196 118 107 100 
train/695.jpg +75 112 147 75 104 
train/696.jpg +75 119 163 98 112 
train/697.jpg -45 226 148 95 117 
train/698.jpg -75 276 114 99 106 
train/699.jpg +0 183 156 113 103 
train/700.jpg -30 183 155 108 113 
train/701.jpg +90 67 142 73 114 
train/702.jpg +0 116 90 106 87 
train/703.jpg -15 199 120 104 95 
train/704.jpg +0 149 144 111 109 
train/705.jpg +0 177 114 110 97 
train/706.jpg +75 79 92 84 91 
train/707.jpg -60 243 140 79 105 
train/708.jpg +60 73 177 81 117 
train/709.jpg -60 266 162 80 107 
train/710.jpg +15 110 82 103 91 
train/711.jpg +90 129 140 90 115 
train/712.jpg -15 176 139 110 99 
train/713.jpg -30 207 132 137 143 
train/714.jpg +0 204 152 111 104 
train/715.jpg -90 267 138 76 102 
train/716.jpg -45 231 132 95 99 
train/717.jpg +15 155 113 98 104 
train/718.jpg -90 244 143 78 110 
train/719.jpg +90 58 177 45 102 
train/720.jpg -30 224 141 101 108 
train/721.jpg -60 249 122 105 105 
train/722.jpg -75 299 164 64 106 
train/723.jpg +30 133 160 106 107 
train/724.jpg -30 189 125 103 113 
train/725.jpg +30 142 101 103 96 
train/726.jpg -75 213 132 97 129 
train/727.jpg +90 120 138 77 104 
train/728.jpg +0 160 131 115 100 
train/729.jpg -45 237 172 99 108 
train/730.jpg +60 89 117 96 109 
train/731.jpg -90 255 130 75 97 
train/732.jpg +75 79 146 89 127 
train/733.jpg +60 112 67 92 82 
train/734.jpg -60 267 130 85 105 
train/735.jpg -60 232 112 91 116 
train/736.jpg +45 131 138 86 102 
train/737.jpg -30 228 170 105 110 
train/738.jpg +0 173 162 105 109 
train/739.jpg +90 93 150 60 107 
train/740.jpg -15 174 87 104 96 
train/741.jpg +30 167 184 114 114 
train/742.jpg -60 238 148 108 136 
train/743.jpg -90 308 158 87 131 
train/744.jpg -75 269 148 65 101 
train/745.jpg +30 183 147 104 117 
train/746.jpg -15 168 136 120 120 
train/747.jpg +75 66 193 58 98 
train/748.jpg +0 171 155 115 108 
train/749.jpg +45 109 102 95 106 
train/750.jpg -15 192 111 106 95 
train/751.jpg -45 213 148 104 104 
train/752.jpg +0 138 145 108 98 
train/753.jpg -30 224 153 99 109 
train/754.jpg +75 53 156 70 97 
train/755.jpg -90 224 92 87 101 
train/756.jpg -60 240 129 88 102 
train/757.jpg +90 58 139 79 113 
train/758.jpg -30 197 146 102 110 
train/759.jpg -60 240 160 91 115 
train/760.jpg +75 107 169 85 96 
train/761.jpg +45 112 111 91 92 
train/762.jpg +30 152 168 112 117 
train/763.jpg +0 170 151 149 140 
train/764.jpg -15 184 162 113 110 
train/765.jpg +15 154 128 112 108 
train/766.jpg +45 130 147 91 104 
train/767.jpg -60 230 154 79 103 
train/768.jpg +30 119 116 114 115 
train/769.jpg +75 119 141 98 114 
train/770.jpg +90 77 117 68 104 
train/771.jpg +45 155 152 97 104 
train/772.jpg -15 172 99 112 100 
train/773.jpg -60 251 149 98 116 
train/774.jpg +75 95 103 79 103 
train/775.jpg -45 192 94 103 91 
train/776.jpg +30 116 146 91 100 
train/777.jpg +90 65 163 67 111 
train/778.jpg -30 215 116 98 115 
train/779.jpg +75 107 164 73 102 
train/780.jpg -60 200 153 95 121 
train/781.jpg -60 231 136 92 104 
train/782.jpg +45 96 118 110 116 
train/783.jpg -90 276 181 70 109 
train/784.jpg -90 253 161 85 119 
train/785.jpg -75 267 141 76 100 
train/786.jpg +15 148 173 108 110 
train/787.jpg -90 218 157 78 122 
train/788.jpg +0 169 162 112 105 
train/789.jpg -90 214 118 96 110 
train/790.jpg -45 231 137 95 105 
train/791.jpg -30 180 166 111 106 
train/792.jpg -15 168 169 118 107 
train/793.jpg +0 156 130 101 96 
train/794.jpg -15 197 66 96 92 
train/795.jpg +75 140 134 93 101 
train/796.jpg -30 211 58 96 98 
train/797.jpg +0 172 42 99 78 
train/798.jpg -45 223 176 93 102 
train/799.jpg +60 142 120 92 108 
train/800.jpg -90 250 146 85 116 
train/801.jpg -45 189 143 102 113 
train/802.jpg +75 108 142 86 109 
train/803.jpg +60 92 115 83 90 
train/804.jpg -45 199 182 104 113 
train/805.jpg +30 137 152 136 138 
train/806.jpg -45 195 128 105 109 
train/807.jpg -45 219 167 102 109 
train/808.jpg -30 229 132 101 111 
train/809.jpg -45 221 117 135 138 
train/810.jpg -45 229 143 99 114 
train/811.jpg -30 182 88 101 99 
train/812.jpg +0 213 158 118 107 
train/813.jpg +60 92 163 83 105 
train/814.jpg -15 213 151 107 104 
train/815.jpg +60 75 192 85 107 
train/816.jpg +75 135 145 98 107 
train/817.jpg -60 288 165 107 123 
train/818.jpg -90 267 125 98 146 
train/819.jpg -75 226 177 80 126 
train/820.jpg +30 100 143 99 98 
train/821.jpg +45 98 163 103 121 
train/822.jpg +90 118 133 77 105 
train/823.jpg +15 197 93 106 100 
train/824.jpg -30 228 177 104 104 
train/825.jpg +60 81 197 98 119 
train/826.jpg +30 160 142 96 98 
train/827.jpg +90 58 167 64 106 
train/828.jpg +15 142 150 109 111 
train/829.jpg +60 131 146 92 110 
train/830.jpg -45 241 128 94 101 
train/831.jpg -75 271 182 83 104 
train/832.jpg +60 49 174 77 93 
train/833.jpg +45 146 154 95 101 
train/834.jpg -45 229 140 92 107 
train/835.jpg +15 133 158 93 105 
train/836.jpg -90 278 147 81 111 
train/837.jpg +60 115 144 91 110 
train/838.jpg +0 184 156 105 97 
train/839.jpg +90 70 155 95 146 
train/840.jpg +75 108 184 98 112 
train/841.jpg +15 182 177 107 111 
train/842.jpg +60 86 183 122 143 
train/843.jpg +0 190 161 115 112 
train/844.jpg +60 79 171 77 112 
train/845.jpg +90 98 116 94 100 
train/846.jpg +60 149 155 98 110 
train/847.jpg -15 185 156 114 108 
train/848.jpg -15 197 132 105 96 
train/849.jpg -45 213 117 95 99 
train/850.jpg +0 200 151 112 107 
train/851.jpg -45 211 159 102 111 
train/852.jpg +90 142 117 89 100 
train/853.jpg +75 143 114 98 94 
train/854.jpg -60 246 161 95 105 
train/855.jpg +15 159 155 110 111 
train/856.jpg -15 163 123 113 110 
train/857.jpg +0 175 160 106 106 
train/858.jpg -60 269 186 82 102 
train/859.jpg -90 228 131 101 130 
train/860.jpg -90 272 138 67 110 
train/861.jpg -30 217 127 103 109 
train/862.jpg +30 146 100 104 93 
train/863.jpg -75 211 149 82 127 
train/864.jpg +90 54 174 63 114 
train/865.jpg -45 209 171 98 107 
train/866.jpg +15 197 141 108 111 
train/867.jpg +90 101 181 93 105 
train/868.jpg +30 116 132 95 106 
train/869.jpg +45 96 169 98 111 
train/870.jpg -75 196 71 88 90 
train/871.jpg -45 201 113 100 98 
train/872.jpg +0 148 138 120 121 
train/873.jpg +45 109 134 86 103 
train/874.jpg +90 90 154 78 101 
train/875.jpg +60 122 137 99 110 
train/876.jpg -90 257 187 74 100 
train/877.jpg +75 64 182 76 104 
train/878.jpg +90 91 141 61 100 
train/879.jpg -45 188 153 113 113 
train/880.jpg -45 234 162 89 106 
train/881.jpg +60 65 195 90 108 
train/882.jpg +15 171 146 103 100 
train/883.jpg +0 173 171 111 99 
train/884.jpg -30 206 179 104 110 
train/885.jpg -45 263 176 94 115 
train/886.jpg +45 93 169 84 106 
train/887.jpg +0 166 132 115 108 
train/888.jpg +75 132 137 89 115 
train/889.jpg -15 204 111 105 98 
train/890.jpg +75 44 172 70 97 
train/891.jpg +0 164 148 115 109 
train/892.jpg +45 105 180 129 137 
train/893.jpg +90 95 149 58 113 
train/894.jpg -15 188 42 102 76 
train/895.jpg -15 208 108 108 96 
train/896.jpg -90 247 150 75 115 
train/897.jpg -45 198 129 95 114 
train/898.jpg -45 194 154 102 124 
train/899.jpg +90 62 193 69 101 
train/900.jpg +75 58 197 84 107 
train/901.jpg +60 140 123 88 94 
train/902.jpg +75 106 144 74 107 
train/903.jpg -45 227 151 93 111 
train/904.jpg +30 117 167 101 104 
train/905.jpg +45 79 169 96 107 
train/906.jpg -75 298 158 72 100 
train/907.jpg +75 133 128 88 107 
train/908.jpg +90 99 139 74 102 
train/909.jpg +15 177 144 109 107 
train/910.jpg +0 183 167 113 110 
train/911.jpg +75 139 161 83 108 
train/912.jpg -15 180 152 111 100 
train/913.jpg -30 223 161 112 113 
train/914.jpg +90 124 120 82 102 
train/915.jpg -75 258 163 80 111 
train/916.jpg -60 234 175 82 102 
train/917.jpg +15 174 160 116 115 
train/918.jpg -60 260 161 92 117 
train/919.jpg +90 109 172 73 106 
train/920.jpg -30 184 180 110 121 
train/921.jpg +0 178 181 143 136 
train/922.jpg +60 129 164 84 104 
train/923.jpg +30 120 128 105 106 
train/924.jpg +15 151 174 112 107 
train/925.jpg -90 254 171 67 98 
train/926.jpg -75 230 128 93 108 
train/927.jpg -60 232 146 91 117 
train/928.jpg -15 233 135 113 110 
train/929.jpg -90 281 160 75 107 
train/930.jpg -90 228 138 81 107 
train/931.jpg -45 195 165 102 113 
train/932.jpg -60 229 150 86 104 
train/933.jpg +60 109 156 90 110 
train/934.jpg +75 70 180 58 101 
train/935.jpg -90 273 120 68 111 
train/936.jpg -15 182 102 114 106 
train/937.jpg -30 178 141 116 120 
train/938.jpg +15 115 130 106 103 
train/939.jpg -75 270 172 86 105 
train/940.jpg +30 136 169 108 106 
train/941.jpg -30 180 146 101 96 
train/942.jpg +15 167 130 111 103 
train/943.jpg -60 228 112 89 106 
train/944.jpg +30 185 156 104 113 
train/945.jpg +45 164 139 104 108 
train/946.jpg +0 168 139 139 140 
train/947.jpg -15 162 145 114 132 
train/948.jpg -75 314 181 86 138 
train/949.jpg +45 156 137 100 101 
train/950.jpg +30 181 137 112 107 
train/951.jpg -90 246 162 76 106 
train/952.jpg -75 240 150 89 113 
train/953.jpg +60 122 169 92 106 
train/954.jpg +90 83 182 89 106 
train/955.jpg +0 176 180 111 97 
train/956.jpg +60 106 173 88 106 
train/957.jpg -60 231 113 86 96 
train/958.jpg +75 102 145 82 118 
train/959.jpg +15 137 163 112 109 
train/960.jpg -15 183 148 109 109 
train/961.jpg +15 152 165 114 107 
train/962.jpg +30 167 174 105 94 
train/963.jpg +45 167 96 105 106 
train/964.jpg -60 231 125 93 119 
train/965.jpg -90 270 145 75 109 
train/966.jpg +0 183 131 108 103 
train/967.jpg -15 201 178 143 130 
train/968.jpg +90 60 139 62 107 
train/969.jpg +60 124 183 101 118 
train/970.jpg +15 133 141 104 111 
train/971.jpg -30 206 171 102 99 
train/972.jpg +75 110 160 94 113 
train/973.jpg -90 285 154 64 98 
train/974.jpg -75 243 130 88 105 
train/975.jpg +0 175 109 102 98 
train/976.jpg -90 300 152 60 111 
train/977.jpg +75 86 86 85 93 
train/978.jpg +45 125 129 103 118 
train/979.jpg +30 146 116 86 97 
train/980.jpg +60 70 161 73 110 
train/981.jpg +75 75 151 84 113 
train/982.jpg -75 272 172 82 108 
train/983.jpg +45 146 104 94 103 
train/984.jpg -90 257 128 72 109 
train/985.jpg +90 114 171 83 103 
train/986.jpg -30 240 188 102 113 
train/987.jpg -30 207 121 103 100 
train/988.jpg +60 120 54 87 90 
train/989.jpg +60 132 139 105 112 
train/990.jpg +45 132 163 96 110 
train/991.jpg -15 196 161 108 102 
train/992.jpg +30 136 180 103 108 
train/993.jpg -15 186 144 113 108 
train/994.jpg -15 203 173 114 104 
train/995.jpg +15 173 116 103 95 
train/996.jpg +45 116 154 94 92 
train/997.jpg -45 236 140 89 105 
train/998.jpg +75 115 116 92 104 
train/999.jpg -15 167 151 116 126 
train/1000.jpg -15 197 169 145 148 
train/1001.jpg +15 179 140 110 107 
train/1002.jpg +30 118 141 106 119 
train/1003.jpg +0 181 120 117 96 
train/1004.jpg +75 92 118 86 101 
train/1005.jpg -90 238 119 78 112 
train/1006.jpg +90 110 130 93 109 
train/1007.jpg -90 280 137 73 96 
train/1008.jpg +75 66 187 95 137 
train/1009.jpg +0 171 120 110 100 
train/1010.jpg +45 164 154 104 107 
train/1011.jpg +45 102 167 95 122 
train/1012.jpg +60 124 93 97 95 
train/1013.jpg -90 252 160 68 110 
train/1014.jpg +15 136 196 111 99 
train/1015.jpg -60 285 157 84 110 
train/1016.jpg +15 179 123 108 101 
train/1017.jpg +0 170 111 103 100 
train/1018.jpg -75 201 137 97 119 
train/1019.jpg -30 176 126 109 97 
train/1020.jpg +15 151 156 150 139 
train/1021.jpg -45 216 152 88 103 
train/1022.jpg -60 201 155 94 119 
train/1023.jpg -75 237 145 98 114 
train/1024.jpg -75 245 151 85 106 
train/1025.jpg -45 230 55 87 90 
train/1026.jpg -15 199 145 116 109 
train/1027.jpg +60 87 126 85 99 
train/1028.jpg -60 264 114 79 101 
train/1029.jpg -60 199 139 98 116 
train/1030.jpg +75 67 177 91 118 
train/1031.jpg -30 237 174 106 106 
train/1032.jpg +75 57 157 87 96 
train/1033.jpg -30 182 160 108 124 
train/1034.jpg +60 99 166 75 91 
train/1035.jpg -60 262 111 103 107 
train/1036.jpg +0 155 166 112 108 
train/1037.jpg -45 259 165 93 105 
train/1038.jpg +15 144 134 103 105 
train/1039.jpg -15 180 174 116 111 
train/1040.jpg +0 182 93 102 104 
train/1041.jpg -45 211 127 113 106 
train/1042.jpg -75 225 126 86 99 
train/1043.jpg +60 72 126 75 93 
train/1044.jpg +45 158 178 115 109 
train/1045.jpg -90 260 161 78 103 
train/1046.jpg +15 140 137 97 102 
train/1047.jpg +30 156 117 133 128 
train/1048.jpg -15 183 128 112 104 
train/1049.jpg +15 155 141 111 99 
train/1050.jpg +0 196 124 107 100 
train/1051.jpg +0 200 177 114 102 
train/1052.jpg +45 72 182 95 112 
train/1053.jpg +15 130 176 112 112 
train/1054.jpg -90 284 114 67 99 
train/1055.jpg +30 170 178 106 104 
train/1056.jpg -15 208 128 110 105 
train/1057.jpg +0 193 142 110 107 
train/1058.jpg -90 250 119 85 102 
train/1059.jpg -75 238 159 81 105 
train/1060.jpg -60 243 160 90 109 
train/1061.jpg +15 128 164 114 116 
train/1062.jpg +0 184 186 106 97 
train/1063.jpg -15 168 166 118 117 
train/1064.jpg -90 263 166 70 116 
train/1065.jpg -75 259 184 75 94 
train/1066.jpg +30 118 159 107 106 
train/1067.jpg +30 132 108 97 99 
train/1068.jpg -75 236 140 87 111 
train/1069.jpg +90 119 121 81 114 
train/1070.jpg -90 207 100 100 114 
train/1071.jpg -75 255 116 109 142 
train/1072.jpg +45 93 174 99 113 
train/1073.jpg +0 168 132 115 113 
train/1074.jpg +30 170 161 119 112 
train/1075.jpg +0 130 136 113 101 
train/1076.jpg -15 210 134 111 110 
train/1077.jpg +15 187 171 111 101 
train/1078.jpg -15 196 148 106 103 
train/1079.jpg +60 74 170 85 102 
train/1080.jpg +30 156 56 97 95 
train/1081.jpg +15 198 129 106 108 
train/1082.jpg +0 194 160 117 111 
train/1083.jpg -75 229 144 85 104 
train/1084.jpg -30 188 156 111 114 
train/1085.jpg +75 72 132 80 113 
train/1086.jpg -90 250 114 80 103 
train/1087.jpg +60 60 161 83 100 
train/1088.jpg -30 222 142 100 100 
train/1089.jpg -60 266 159 100 113 
train/1090.jpg +0 156 120 112 97 
train/1091.jpg -90 241 164 75 109 
train/1092.jpg -30 240 157 110 109 
train/1093.jpg +45 120 151 88 108 
train/1094.jpg -90 226 100 91 98 
train/1095.jpg -60 232 96 99 105 
train/1096.jpg -60 227 145 91 111 
train/1097.jpg +45 139 150 108 113 
train/1098.jpg -45 207 156 99 108 
train/1099.jpg +30 162 160 111 115 
train/1100.jpg -60 225 141 90 109 
train/1101.jpg +0 187 145 107 104 
train/1102.jpg -75 270 177 75 100 
train/1103.jpg +0 168 90 104 100 
train/1104.jpg +90 73 133 76 111 
train/1105.jpg -90 242 109 72 97 
train/1106.jpg +75 111 127 95 100 
train/1107.jpg -60 272 133 90 109 
train/1108.jpg +30 167 131 105 103 
train/1109.jpg -15 197 126 112 104 
train/1110.jpg +45 128 134 79 97 
train/1111.jpg +75 81 191 81 99 
train/1112.jpg +15 143 149 112 107 
train/1113.jpg +75 101 164 88 109 
train/1114.jpg -30 212 137 104 102 
train/1115.jpg +45 160 116 101 107 
train/1116.jpg -75 278 108 73 97 
train/1117.jpg +30 142 134 111 109 
train/1118.jpg +15 154 102 109 97 
train/1119.jpg +30 152 133 96 95 
train/1120.jpg -30 222 135 101 110 
train/1121.jpg -90 289 170 62 104 
train/1122.jpg +45 119 133 90 95 
train/1123.jpg -45 261 175 98 108 
train/1124.jpg -30 202 126 102 107 
train/1125.jpg +15 135 129 105 92 
train/1126.jpg +75 128 151 90 99 
train/1127.jpg -75 260 139 77 103 
train/1128.jpg +30 76 185 100 107 
train/1129.jpg +45 94 187 98 109 
train/1130.jpg +60 114 167 106 116 
train/1131.jpg +30 151 147 94 102 
train/1132.jpg +30 126 135 104 111 
train/1133.jpg +45 102 136 101 114 
train/1134.jpg +0 164 156 104 103 
train/1135.jpg -60 236 145 100 100 
train/1136.jpg +90 93 102 78 102 
train/1137.jpg +15 163 54 108 91 
train/1138.jpg +45 136 52 86 88 
train/1139.jpg -60 241 193 81 120 
train/1140.jpg -15 222 151 107 104 
train/1141.jpg -45 266 143 99 112 
train/1142.jpg -90 307 146 75 108 
train/1143.jpg -15 196 168 116 98 
train/1144.jpg +45 108 121 107 100 
train/1145.jpg -15 193 130 122 120 
train/1146.jpg +60 133 106 89 104 
train/1147.jpg -90 241 123 95 105 
train/1148.jpg +60 103 150 90 107 
train/1149.jpg +75 93 135 99 113 
train/1150.jpg +45 164 120 109 112 
train/1151.jpg +45 145 165 104 106 
train/1152.jpg +90 61 181 61 99 
train/1153.jpg +60 94 184 87 103 
train/1154.jpg +45 88 137 86 108 
train/1155.jpg -30 200 152 106 109 
train/1156.jpg -60 211 132 96 115 
train/1157.jpg +60 119 141 82 112 
train/1158.jpg -90 243 169 73 105 
train/1159.jpg -45 198 134 98 110 
train/1160.jpg +30 121 117 104 103 
train/1161.jpg -90 252 144 84 108 
train/1162.jpg +30 123 192 118 128 
train/1163.jpg -30 212 136 101 111 
train/1164.jpg +0 180 139 104 100 
train/1165.jpg +90 109 145 79 116 
train/1166.jpg -45 192 130 105 115 
train/1167.jpg +90 71 164 66 108 
train/1168.jpg +45 84 91 98 102 
train/1169.jpg -45 202 180 90 125 
train/1170.jpg -30 201 131 104 98 
train/1171.jpg -75 242 168 85 107 
train/1172.jpg +15 137 171 98 102 
train/1173.jpg +75 116 134 84 109 
train/1174.jpg -60 252 164 84 104 
train/1175.jpg -45 232 170 105 103 
train/1176.jpg -75 249 173 73 103 
train/1177.jpg +60 88 146 91 131 
train/1178.jpg -15 200 57 106 100 
train/1179.jpg +0 184 138 111 100 
train/1180.jpg +30 132 179 105 97 
train/1181.jpg -75 274 165 72 101 
train/1182.jpg -45 190 128 99 97 
train/1183.jpg +45 127 70 90 83 
train/1184.jpg -15 153 116 111 114 
train/1185.jpg -15 203 136 103 102 
train/1186.jpg +45 81 197 104 112 
train/1187.jpg -15 214 139 112 105 
train/1188.jpg -45 210 149 100 111 
train/1189.jpg -15 201 171 112 111 
train/1190.jpg +30 131 148 108 108 
train/1191.jpg -60 198 122 82 102 
train/1192.jpg +60 81 155 74 101 
train/1193.jpg +45 119 154 94 109 
train/1194.jpg +60 121 164 92 110 
train/1195.jpg +75 76 118 88 118 
train/1196.jpg +90 136 135 75 104 
train/1197.jpg +30 119 124 110 110 
train/1198.jpg +75 65 165 74 114 
train/1199.jpg +15 144 156 121 122 
train/1200.jpg +90 70 160 73 104 
train/1201.jpg +15 67 188 101 106 
train/1202.jpg +15 155 135 95 103 
train/1203.jpg -75 247 144 86 103 
train/1204.jpg -45 243 140 98 107 
train/1205.jpg +90 105 107 89 125 
train/1206.jpg -90 243 140 83 105 
train/1207.jpg -60 240 72 86 103 
train/1208.jpg -90 296 108 69 102 
train/1209.jpg -15 190 121 109 101 
train/1210.jpg +15 163 133 100 98 
train/1211.jpg -15 188 85 109 101 
train/1212.jpg -30 181 128 110 114 
train/1213.jpg +30 152 172 115 111 
train/1214.jpg +60 132 162 111 117 
train/1215.jpg +15 133 126 103 101 
train/1216.jpg +0 156 102 113 94 
train/1217.jpg +60 92 184 82 101 
train/1218.jpg +30 152 137 106 109 
train/1219.jpg +30 126 131 98 102 
train/1220.jpg +30 169 167 112 104 
train/1221.jpg +45 122 120 99 103 
train/1222.jpg +60 68 164 83 111 
train/1223.jpg +90 73 158 64 106 
train/1224.jpg -45 220 113 95 108 
train/1225.jpg -75 217 128 96 109 
train/1226.jpg +0 174 146 108 106 
train/1227.jpg +45 111 90 94 97 
train/1228.jpg -75 229 139 90 111 
train/1229.jpg +0 160 138 110 107 
train/1230.jpg +0 159 147 118 127 
train/1231.jpg -15 200 173 116 108 
train/1232.jpg +60 87 150 116 144 
train/1233.jpg +0 205 187 118 114 
train/1234.jpg +0 161 117 105 99 
train/1235.jpg -60 256 138 81 102 
train/1236.jpg +30 150 130 106 104 
train/1237.jpg -30 178 68 99 90 
train/1238.jpg -90 248 124 76 104 
train/1239.jpg -90 257 101 80 97 
train/1240.jpg +90 82 81 91 96 
train/1241.jpg -45 200 189 107 114 
train/1242.jpg -15 183 126 109 108 
train/1243.jpg +15 139 150 119 119 
train/1244.jpg -45 233 177 102 109 
train/1245.jpg +15 85 184 112 118 
train/1246.jpg +0 163 97 102 101 
train/1247.jpg +45 147 161 87 105 
train/1248.jpg -30 182 165 117 119 
train/1249.jpg -60 242 160 82 110 
train/1250.jpg +30 115 110 98 102 
train/1251.jpg -45 196 84 94 104 
train/1252.jpg -45 221 115 92 100 
train/1253.jpg -75 239 106 90 95 
train/1254.jpg +60 101 119 86 107 
train/1255.jpg -90 307 168 63 108 
train/1256.jpg -90 237 193 76 116 
train/1257.jpg +30 141 154 110 107 
train/1258.jpg -90 245 145 73 109 
train/1259.jpg -60 206 166 90 118 
train/1260.jpg +75 120 132 95 108 
train/1261.jpg +15 131 137 118 120 
train/1262.jpg -90 268 156 83 110 
train/1263.jpg +90 96 160 90 114 
train/1264.jpg +0 149 164 122 120 
train/1265.jpg -75 238 195 79 112 
train/1266.jpg +75 103 116 95 95 
train/1267.jpg +0 171 151 113 105 
train/1268.jpg +15 149 176 143 137 
train/1269.jpg +75 97 158 72 100 
train/1270.jpg +0 215 114 117 110 
train/1271.jpg +30 117 140 97 103 
train/1272.jpg +0 179 117 105 98 
train/1273.jpg -90 275 170 70 98 
train/1274.jpg +0 164 125 112 112 
train/1275.jpg +30 141 70 98 83 
train/1276.jpg +60 133 175 93 106 
train/1277.jpg -60 229 85 97 97 
train/1278.jpg -60 232 98 85 101 
train/1279.jpg +60 90 110 83 99 
train/1280.jpg -90 300 175 77 111 
train/1281.jpg +90 62 181 86 118 
train/1282.jpg +75 107 168 78 109 
train/1283.jpg +90 67 146 93 117 
train/1284.jpg -75 296 157 86 128 
train/1285.jpg +45 85 148 92 100 
train/1286.jpg +0 192 172 127 135 
train/1287.jpg +45 101 151 112 131 
train/1288.jpg +0 175 145 108 106 
train/1289.jpg +90 93 98 77 97 
train/1290.jpg -30 218 168 140 144 
train/1291.jpg -45 200 132 93 119 
train/1292.jpg -60 207 129 94 120 
train/1293.jpg -45 249 162 90 107 
train/1294.jpg +45 156 117 101 99 
train/1295.jpg +90 58 192 86 103 
train/1296.jpg -60 218 176 85 115 
train/1297.jpg +90 94 66 81 88 
train/1298.jpg +45 122 92 99 98 
train/1299.jpg +60 122 151 111 112 
train/1300.jpg -60 224 133 84 103 
train/1301.jpg +75 89 174 86 108 
train/1302.jpg +15 162 150 107 91 
train/1303.jpg +30 123 165 109 106 
train/1304.jpg +15 169 118 130 122 
train/1305.jpg +90 92 145 84 108 
train/1306.jpg +60 106 114 111 140 
train/1307.jpg +60 104 119 101 103 
train/1308.jpg -30 184 143 105 132 
train/1309.jpg -60 212 129 101 96 
train/1310.jpg +0 176 148 117 116 
train/1311.jpg -15 193 130 110 104 
train/1312.jpg +60 129 136 93 106 
train/1313.jpg -75 224 88 88 99 
train/1314.jpg -75 287 194 65 107 
train/1315.jpg +0 153 138 121 120 
train/1316.jpg -45 240 143 88 102 
train/1317.jpg -75 289 131 85 111 
train/1318.jpg +90 69 159 76 127 
train/1319.jpg -15 206 156 108 90 
train/1320.jpg +60 101 172 91 109 
train/1321.jpg +45 63 163 83 98 
train/1322.jpg -15 188 153 107 104 
train/1323.jpg +30 107 147 106 129 
train/1324.jpg +75 128 120 88 95 
train/1325.jpg +60 87 154 92 132 
train/1326.jpg +30 152 68 100 88 
train/1327.jpg +60 142 153 93 109 
train/1328.jpg +45 115 168 95 109 
train/1329.jpg +60 97 172 95 127 
train/1330.jpg -60 223 190 88 116 
train/1331.jpg -30 206 116 104 103 
train/1332.jpg -15 181 143 112 110 
train/1333.jpg +75 81 143 100 124 
train/1334.jpg -75 271 118 76 97 
train/1335.jpg -75 263 138 89 110 
train/1336.jpg -75 280 155 91 107 
train/1337.jpg +75 69 170 57 105 
train/1338.jpg -60 240 54 83 88 
train/1339.jpg -60 216 126 92 109 
train/1340.jpg -45 213 131 106 94 
train/1341.jpg -90 304 150 68 99 
train/1342.jpg +30 125 187 132 149 
train/1343.jpg -45 183 116 104 106 
train/1344.jpg -45 163 105 100 94 
train/1345.jpg -30 216 102 96 103 
train/1346.jpg -60 208 93 100 96 
train/1347.jpg +30 100 88 103 87 
train/1348.jpg +45 107 160 90 110 
train/1349.jpg -75 252 166 79 123 
train/1350.jpg +45 138 150 89 96 
